16.9
13.3
13.2
10.8
11.7
12.9
15.0
14.7
14.8
11.3
11.6
15.8
12.1
10.1
9.4
11.0
12.1
10.1
11.1
10.8
8.8
9.1
12.2
12.1
8.5
10.5
8.4
6.2
5.1
4.9
7.5
6.2
8.6
5.7
6.5
5.8
3.3
6.0
2.5
4.6
4.2
5.8
4.7
4.2
5.3
4.0
7.0
3.7
2.7
5.0
4.8
5.0
3.7
5.6
8.2
9.1
9.6
4.7
8.1
7.3
12.8
10.8
9.4
12.7
12.6
16.4
16.0
16.4
14.4
15.4
17.0
16.2
19.6
17.3
18.3
17.7
17.0
16.0
19.2
18.0
23.5
22.4
21.7
19.0
19.2
17.3
20.6
20.9
18.9
16.1
18.2
16.9
18.6
19.7
15.1
19.4
18.4
19.2
15.9
17.0
14.5
14.0
15.6
14.4
14.6
16.8
16.6
14.4
12.9
12.0
12.1
15.1
18.7
18.8
15.6
13.6
13.1
14.7
15.3
13.5
13.3
13.6
11.4
12.7
12.4
14.1
12.1
12.0
12.0
8.1
8.9
8.9
10.4
13.5
12.2
9.1
10.3
9.9
8.7
7.3
10.2
7.5
7.8
7.7
8.5
8.2
7.4
6.0
8.5
7.1
10.1
10.4
6.9
6.1
3.5
5.0
5.2
7.6
5.4
5.2
5.8
3.7
4.1
7.2
6.0
5.2
6.4
6.1
7.5
5.7
3.6
7.6
8.1
4.7
7.7
5.6
7.6
8.3
10.8
10.8
12.3
11.3
9.2
9.1
9.3
9.0
10.4
10.3
12.6
10.2
11.7
13.1
13.6
12.7
13.2
11.1
12.1
16.9
12.2
12.7
13.2
12.9
10.9
15.1
10.9
14.2
15.1
11.8
19.4
20.7
22.0
19.3
17.1
20.6
17.3
17.1
16.9
16.5
18.6
19.3
18.8
16.4
18.8
17.5
20.7
21.4
19.5
16.6
17.1
15.1
15.2
14.9
13.8
16.3
14.2
16.8
16.6
14.9
15.9
15.3
11.1
13.1
14.1
10.5
13.1
15.6
14.1
12.4
13.1
14.7
17.3
13.5
12.6
13.3
13.3
10.0
12.7
13.8
13.3
11.9
14.2
13.9
13.7
13.1
13.6
12.4
11.4
10.8
10.5
10.2
13.8
12.3
11.3
10.7
10.9
10.2
11.5
9.8
10.6
11.3
11.9
9.7
10.9
8.9
8.0
6.5
7.4
7.6
8.6
8.2
7.6
7.2
6.6
7.9
5.9
8.8
7.7
5.8
5.6
6.9
3.5
5.0
3.8
1.0
2.9
0.0
5.1
3.4
2.9
1.2
3.7
1.0
4.2
0.0
3.8
3.6
4.0
3.5
3.5
4.6
4.4
6.1
4.5
3.8
5.5
8.9
6.6
7.8
6.8
10.9
10.6
9.3
10.2
10.4
9.9
12.7
10.3
10.7
11.1
12.6
12.5
15.1
16.1
12.1
13.7
15.4
15.8
16.0
15.6
16.1
15.7
16.5
17.5
17.4
18.1
16.6
15.1
15.3
15.9
16.8
14.2
17.5
17.7
18.3
16.9
16.2
16.0
16.7
16.5
13.2
14.8
17.0
16.8
12.6
15.8
14.8
15.3
15.0
13.8
12.3
15.1
13.3
13.5
11.0
12.2
13.4
15.4
14.4
13.2
13.7
10.8
11.9
10.7
11.6
12.6
13.6
10.6
12.2
10.7
9.5
11.6
7.8
10.5
10.2
10.7
12.7
11.5
13.6
10.0
10.6
12.8
12.4
12.5
8.9
9.7
12.7
8.9
11.7
10.5
10.5
9.0
9.8
9.7
8.6
10.3
7.7
6.9
8.2
5.9
9.4
10.4
8.2
7.0
6.0
6.7
5.0
5.9
4.5
6.2
5.0
2.0
0.0
1.4
5.0
3.7
2.8
2.0
3.7
3.6
5.2
6.1
5.1
8.4
5.9
5.8
7.5
8.8
7.5
8.1
7.9
8.5
10.0
11.4
11.2
11.9
11.3
11.2
10.5
9.3
14.8
15.1
11.2
12.9
13.0
11.2
12.8
14.8
12.7
15.5
18.2
18.3
19.2
16.9
16.7
18.0
16.9
17.5
17.6
16.5
13.6
16.2
17.4
18.5
17.5
13.9
14.7
15.2
13.0
13.7
14.9
13.8
12.9
15.9
13.6
14.7
15.0
15.2
14.9
14.0
15.5
14.7
15.3
13.3
13.5
15.0
14.4
12.7
10.1
9.8
11.9
12.0
10.0
10.0
10.8
10.2
11.3
11.6
9.9
8.2
9.7
9.0
11.9
11.3
7.7
8.5
7.8
7.9
5.7
6.8
8.4
7.8
5.1
7.1
5.3
5.7
2.9
5.3
6.3
4.8
5.7
5.7
8.1
2.9
3.7
2.6
5.8
4.5
4.8
5.6
4.8
4.4
7.2
4.4
5.2
5.9
6.8
5.5
3.8
3.9
6.0
4.1
5.6
2.7
3.1
4.1
4.3
2.0
3.9
4.0
2.0
2.0
3.7
2.4
3.3
2.2
2.3
2.2
2.0
3.9
2.8
3.6
4.2
5.0
3.8
5.2
5.4
4.1
7.2
7.6
6.4
6.4
7.1
8.5
6.8
10.1
11.8
9.5
8.1
7.9
8.7
10.6
10.4
10.4
9.6
11.3
12.7
11.1
10.6
11.6
10.7
10.0
9.7
12.1
11.8
14.2
11.6
9.8
9.8
9.2
11.0
11.2
13.3
9.4
11.3
10.0
9.5
13.1
8.1
12.7
13.0
9.8
10.5
13.3
13.3
12.6
13.9
13.5
13.6
12.7
11.8
